66 64 60 58
64 60 58 17
60 58 17 49
58 17 49 34
17 49 34 17
49 34 17 8
34 17 8 53
17 8 53 15
8 53 15 15
53 15 15 45
15 15 45 57
15 45 57 33
45 57 33 42
57 33 42 8
33 42 8 52
42 8 52 24
8 52 24 29
52 24 29 -13
24 29 -13 37
29 -13 37 37
-13 37 37 4
37 37 4 32
37 4 32 38
4 32 38 68
32 38 68 77
38 68 77 95
68 77 95 119
77 95 119 161
95 119 161 184
119 161 184 276
161 184 276 247
184 276 247 251
276 247 251 193
247 251 193 226
251 193 226 213
193 226 213 195
226 213 195 182
213 195 182 166
195 182 166 188
182 166 188 149
166 188 149 132
188 149 132 167
149 132 167 181
132 167 181 203
167 181 203 219
181 203 219 226
203 219 226 216
219 226 216 234
226 216 234 197
216 234 197 219
234 197 219 230
197 219 230 247
219 230 247 238
230 247 238 259
247 238 259 270
238 259 270 232
259 270 232 202
270 232 202 243
232 202 243 223
202 243 223 202
243 223 202 235
223 202 235 184
202 235 184 215
235 184 215 217
184 215 217 209
215 217 209 199
217 209 199 197
209 199 197 226
199 197 226 217
197 226 217 254
226 217 254 243
217 254 243 281
254 243 281 285
243 281 285 285
281 285 285 251
285 285 251 288
285 251 288 236
251 288 236 266
288 236 266 214
236 266 214 213
266 214 213 186
214 213 186 209
213 186 209 176
186 209 176 163
209 176 163 199
176 163 199 171
163 199 171 170
199 171 170 134
171 170 134 128
170 134 128 72
134 128 72 113
128 72 113 94
69 41 53 48
41 53 48 42
53 48 42 25
48 42 25 21
42 25 21 32
25 21 32 16
21 32 16 52
32 16 52 63
16 52 63 7
52 63 7 38
63 7 38 9
7 38 9 50
38 9 50 60
9 50 60 3
50 60 3 51
60 3 51 -7
3 51 -7 29
51 -7 29 32
-7 29 32 21
29 32 21 46
32 21 46 50
21 46 50 38
46 50 38 26
50 38 26 49
38 26 49 64
26 49 64 73
49 64 73 114
64 73 114 182
73 114 182 239
114 182 239 242
182 239 242 233
239 242 233 255
242 233 255 240
233 255 240 211
255 240 211 225
240 211 225 207
211 225 207 176
225 207 176 190
207 176 190 158
176 190 158 153
190 158 153 169
158 153 169 152
153 169 152 165
169 152 165 197
152 165 197 226
165 197 226 236
197 226 236 226
226 236 226 221
236 226 221 209
226 221 209 175
221 209 175 226
209 175 226 255
175 226 255 229
226 255 229 279
255 229 279 234
229 279 234 259
279 234 259 225
234 259 225 215
259 225 215 199
225 215 199 188
215 199 188 194
199 188 194 214
188 194 214 222
194 214 222 222
214 222 222 186
222 222 186 241
222 186 241 251
186 241 251 247
241 251 247 208
251 247 208 233
247 208 233 263
208 233 263 274
233 263 274 254
263 274 254 267
274 254 267 281
254 267 281 259
267 281 259 258
281 259 258 225
259 258 225 211
258 225 211 240
225 211 240 227
211 240 227 227
240 227 227 172
227 227 172 171
227 172 171 161
172 171 161 180
171 161 180 142
161 180 142 164
180 142 164 96
142 164 96 73
164 96 73 91
96 73 91 92
31 38 28 44
38 28 44 65
28 44 65 46
44 65 46 13
65 46 13 28
46 13 28 6
13 28 6 33
28 6 33 30
6 33 30 65
33 30 65 54
30 65 54 33
65 54 33 56
54 33 56 9
33 56 9 22
56 9 22 51
9 22 51 47
22 51 47 31
51 47 31 22
47 31 22 9
31 22 9 49
22 9 49 4
9 49 4 44
49 4 44 57
4 44 57 85
44 57 85 77
57 85 77 115
85 77 115 158
77 115 158 165
115 158 165 216
158 165 216 279
165 216 279 241
216 279 241 215
279 241 215 220
241 215 220 192
215 220 192 211
220 192 211 185
192 211 185 185
211 185 185 192
185 185 192 201
185 192 201 155
192 201 155 178
201 155 178 165
155 178 165 198
178 165 198 162
165 198 162 202
198 162 202 240
162 202 240 210
202 240 210 199
240 210 199 221
210 199 221 208
199 221 208 218
221 208 218 235
208 218 235 211
218 235 211 241
235 211 241 240
211 241 240 220
241 240 220 241
240 220 241 242
220 241 242 202
241 242 202 224
242 202 224 184
202 224 184 221
224 184 221 184
184 221 184 216
221 184 216 207
184 216 207 239
216 207 239 226
207 239 226 230
239 226 230 258
226 230 258 232
230 258 232 247
258 232 247 288
232 247 288 243
247 288 243 309
288 243 309 252
243 309 252 271
309 252 271 256
252 271 256 251
271 256 251 222
256 251 222 228
251 222 228 229
222 228 229 172
228 229 172 171
229 172 171 219
172 171 219 195
171 219 195 164
219 195 164 155
195 164 155 118
164 155 118 107
155 118 107 86
118 107 86 78
107 86 78 55