45.13243719290584
54.692499871871796
32.696477587216876
165.90880160593235
42.33667111547326
55.0151304930404
88.46485437161789
45.973245135098814
42.13958082291745
12.409270717031427
129.85728315398543
112.58357920514372
65.48244484218762
68.99452759634825
102.3634459578994
24.96701533265214
42.341513315446996
43.95284630011801
175.27517036368582
27.55178691512862
115.5713697700592
100.9246435692939
40.24274493321462
195.1438259357055
190.30131046277538
163.48252092452972
88.22220198507038
199.03584255978677
153.8467245120526
226.62565220737383
202.645874617214
200.057617254483
217.70904872843124
199.46463503541233
122.79919565031092
185.29400887457228
213.95906796728295
160.41065775820326
184.13972887415358
166.23021563506862
51.23252528608742
56.12227705279948
193.5899465115948
162.03696520062093
163.42908480520182
227.96575444788752
256.0866039729625
212.3458838765116
237.37200623896945
255.24363755080284
223.22319705123957
222.97057667989347
249.30345382386975
228.34553869337245
234.63749289980697
262.84841555243815
171.9094375218984
232.63841201907425
207.38836057250163
241.77051733914132
193.4624422039759
245.95580140100293
215.94295016128873
231.19823783093537
215.88586772878924
227.3637965578786
234.3645155081106
247.50546464752304
259.0611517717633
185.50131223351596
250.94253689723215
222.6511056105756
198.6710875868749
175.88237349528882
170.86701634913308
199.4912641403983
246.952139179179
230.09915691348107
235.03389103881437
224.75030737584345
258.42380600426077
189.81346164788266
156.4151140325647
197.64185641975757
184.33021149620308
218.11532378030307
191.77726324029175
99.72896770702542
49.590074547272735
42.08880238911673
125.06815518292177
64.59635809682797
